# Gaussian Filter

### Parameter
Window size: 7*7 <br>
Sigma: 2 <br>
Matlab: h = fspecial('gaussian', [7 7], 2)

#### Gaussian Kernal

    0.0049    0.0092    0.0134    0.0152    0.0134    0.0092    0.0049
    0.0092    0.0172    0.0250    0.0283    0.0250    0.0172    0.0092
    0.0134    0.0250    0.0364    0.0412    0.0364    0.0250    0.0134
    0.0152    0.0283    0.0412    0.0467    0.0412    0.0283    0.0152
    0.0134    0.0250    0.0364    0.0412    0.0364    0.0250    0.0134
    0.0092    0.0172    0.0250    0.0283    0.0250    0.0172    0.0092
    0.0049    0.0092    0.0134    0.0152    0.0134    0.0092    0.0049

    
#### Gaussian Kernal * 1024 (2^10)
     5     9    14    16    14     9     5
     9    18    26    29    26    18     9
    14    26    37    42    37    26    14
    16    29    42    48    42    29    16
    14    26    37    42    37    26    14
     9    18    26    29    26    18     9
     5     9    14    16    14     9     5
