# Gaussian Filter

### Parameter
Window size: 7*7 <br>
Sigma: 2 <br>
Matlab: h = fspecial('gaussian', [7 7], 2)

#### Gaussian Kernal

    0.0049    0.0092    0.0134    0.0152    0.0134    0.0092    0.0049
    0.0092    0.0172    0.0250    0.0283    0.0250    0.0172    0.0092
    0.0134    0.0250    0.0364    0.0412    0.0364    0.0250    0.0134
    0.0152    0.0283    0.0412    0.0467    0.0412    0.0283    0.0152
    0.0134    0.0250    0.0364    0.0412    0.0364    0.0250    0.0134
    0.0092    0.0172    0.0250    0.0283    0.0250    0.0172    0.0092
    0.0049    0.0092    0.0134    0.0152    0.0134    0.0092    0.0049
    
    
####*255
    
    1.2552    2.3450    3.4120    3.8663    3.4120    2.3450    1.2552
    2.3450    4.3811    6.3744    7.2231    6.3744    4.3811    2.3450
    3.4120    6.3744    9.2747   10.5096    9.2747    6.3744    3.4120
    3.8663    7.2231   10.5096   11.9090   10.5096    7.2231    3.8663
    3.4120    6.3744    9.2747   10.5096    9.2747    6.3744    3.4120
    2.3450    4.3811    6.3744    7.2231    6.3744    4.3811    2.3450
    1.2552    2.3450    3.4120    3.8663    3.4120    2.3450    1.2552
